GSM1537597_CREB1_mm10_4000.fasta
6
6
0.206023
0.292756
0.292787
0.208434
1
0.041831
0.055845
0.056052
0.041427
0.055849
0.079515
0.078596
0.056657
0.056046
0.078599
0.079536
0.056460
0.041430
0.056657
0.056457
0.042765
2
0.024754
0.026160
0.026252
0.019778
0.026158
0.049119
0.035599
0.026512
0.026256
0.035598
0.049125
0.026426
0.019777
0.026509
0.026429
0.025361
3
0.017424
0.017061
0.017123
0.013007
0.017055
0.034931
0.022972
0.017289
0.017127
0.022970
0.034924
0.017229
0.013009
0.017287
0.017231
0.017861
4
0.013453
0.012660
0.012709
0.009708
0.012659
0.027077
0.016974
0.012831
0.012707
0.016975
0.027090
0.012780
0.009711
0.012828
0.012780
0.013800
5
0.010964
0.010062
0.010110
0.007757
0.010064
0.022116
0.013481
0.010206
0.010112
0.013481
0.022118
0.010161
0.007756
0.010205
0.010163
0.011253
6
0.009268
0.008357
0.008395
0.006467
0.008356
0.018708
0.011193
0.008475
0.008399
0.011191
0.018714
0.008435
0.006464
0.008478
0.008438
0.009521
