	ROC_12_25
0	0
1.90925e-06	0.004000
2.38656e-06	0.005000
3.34119e-06	0.006000
4.29582e-06	0.012000
5.25044e-06	0.015000
5.72775e-06	0.019000
6.20507e-06	0.024000
6.68238e-06	0.032000
7.63701e-06	0.048000
8.11432e-06	0.050000
9.54626e-06	0.052000
1.00236e-05	0.057000
1.05009e-05	0.059000
1.09782e-05	0.061000
1.19328e-05	0.062000
1.24101e-05	0.064000
1.33648e-05	0.074000
1.38421e-05	0.081000
1.43194e-05	0.082000
1.5274e-05	0.085000
1.57513e-05	0.086000
1.67059e-05	0.087000
1.71833e-05	0.089000
1.81379e-05	0.093000
2.00471e-05	0.098000
2.05245e-05	0.099000
2.10018e-05	0.101000
2.14791e-05	0.103000
2.19564e-05	0.116000
2.24337e-05	0.118000
2.2911e-05	0.126000
2.38656e-05	0.129000
2.48203e-05	0.130000
2.62522e-05	0.134000
2.67295e-05	0.139000
2.81615e-05	0.140000
2.86388e-05	0.147000
2.91161e-05	0.150000
2.95934e-05	0.162000
3.0548e-05	0.165000
3.10253e-05	0.168000
3.198e-05	0.171000
3.24573e-05	0.172000
3.29346e-05	0.176000
3.34119e-05	0.179000
3.48438e-05	0.184000
3.53212e-05	0.189000
3.57985e-05	0.191000
3.62758e-05	0.200000
3.77077e-05	0.209000
3.86623e-05	0.219000
3.91397e-05	0.222000
4.00943e-05	0.229000
4.05716e-05	0.231000
4.24808e-05	0.233000
4.29582e-05	0.234000
4.34355e-05	0.235000
4.39128e-05	0.239000
4.43901e-05	0.241000
4.53447e-05	0.244000
4.5822e-05	0.248000
4.67767e-05	0.249000
4.82086e-05	0.255000
4.86859e-05	0.258000
4.96405e-05	0.260000
5.01178e-05	0.268000
5.05952e-05	0.269000
5.10725e-05	0.273000
5.20271e-05	0.274000
5.3459e-05	0.277000
5.44137e-05	0.280000
5.4891e-05	0.282000
5.63229e-05	0.283000
5.68002e-05	0.286000
5.77549e-05	0.288000
6.01414e-05	0.295000
6.30053e-05	0.304000
6.49145e-05	0.305000
6.63465e-05	0.313000
6.73011e-05	0.320000
6.82557e-05	0.321000
7.06423e-05	0.324000
7.20742e-05	0.327000
7.30289e-05	0.334000
7.39835e-05	0.337000
7.44608e-05	0.341000
7.49381e-05	0.342000
7.54154e-05	0.343000
7.68474e-05	0.345000
7.73247e-05	0.348000
7.97112e-05	0.357000
8.06659e-05	0.362000
8.25751e-05	0.377000
8.35297e-05	0.379000
8.40071e-05	0.380000
8.5439e-05	0.381000
8.73483e-05	0.384000
8.83029e-05	0.385000
8.92575e-05	0.387000
9.06894e-05	0.388000
9.11668e-05	0.393000
9.25987e-05	0.394000
9.40306e-05	0.396000
9.45079e-05	0.397000
9.49853e-05	0.408000
9.54626e-05	0.411000
9.59399e-05	0.413000
9.64172e-05	0.414000
9.83264e-05	0.420000
9.97584e-05	0.427000
0.000100236	0.428000
0.000100713	0.429000
0.000102145	0.430000
0.0001031	0.431000
0.000105009	0.434000
0.000106441	0.442000
0.000106918	0.446000
0.000107873	0.447000
0.00010835	0.454000
0.000108827	0.456000
0.000110737	0.458000
0.0001136	0.460000
0.000114078	0.465000
0.000117896	0.471000
0.000118374	0.479000
0.000120283	0.480000
0.00012076	0.481000
0.000121237	0.482000
0.000123624	0.483000
0.000124101	0.484000
0.000124579	0.488000
0.000125533	0.491000
0.000126011	0.501000
0.000128397	0.502000
0.000131261	0.511000
0.000131738	0.513000
0.000132216	0.515000
0.000132693	0.518000
0.000135557	0.519000
0.000137943	0.531000
0.000139375	0.537000
0.000139853	0.538000
0.000141285	0.541000
0.000142239	0.546000
0.000142717	0.547000
0.000146058	0.551000
0.000147012	0.557000
0.000147967	0.560000
0.000151308	0.565000
0.000151785	0.568000
0.000153217	0.572000
0.000156081	0.574000
0.000158468	0.576000
0.000158945	0.579000
0.000159422	0.580000
0.000160854	0.587000
0.000161332	0.591000
0.000164673	0.598000
0.000165628	0.604000
0.000169446	0.605000
0.000170878	0.612000
0.000171355	0.613000
0.000173742	0.615000
0.000175651	0.617000
0.000178515	0.618000
0.000179947	0.621000
0.000180902	0.624000
0.000182811	0.634000
0.000183765	0.635000
0.000185675	0.636000
0.000186152	0.637000
0.000189016	0.638000
0.000189971	0.640000
0.000192834	0.647000
0.000194744	0.649000
0.000198085	0.652000
0.000198562	0.654000
0.000199994	0.655000
0.000201426	0.656000
0.000202858	0.657000
0.000212404	0.660000
0.000213836	0.662000
0.0002167	0.663000
0.000217177	0.665000
0.000217655	0.666000
0.000219087	0.667000
0.000220996	0.668000
0.00022386	0.679000
0.000224814	0.681000
0.000225292	0.682000
0.000228156	0.683000
0.000230065	0.684000
0.000234361	0.686000
0.000235315	0.687000
0.000237702	0.688000
0.000238656	0.689000
0.000242475	0.690000
0.000242952	0.691000
0.000243907	0.700000
0.000245816	0.702000
0.000250589	0.706000
0.000253453	0.709000
0.000257749	0.710000
0.00026109	0.715000
0.000263477	0.716000
0.000266818	0.717000
0.000267295	0.730000
0.000267773	0.736000
0.0002735	0.737000
0.000274932	0.740000
0.000277319	0.741000
0.000277796	0.743000
0.000278273	0.754000
0.000278751	0.756000
0.000282092	0.758000
0.000282569	0.760000
0.000286865	0.762000
0.000289252	0.764000
0.000290206	0.765000
0.000290684	0.766000
0.000291161	0.770000
0.000291638	0.772000
0.000292593	0.776000
0.000298798	0.781000
0.000301662	0.782000
0.000302139	0.784000
0.000304526	0.788000
0.000315981	0.792000
0.000322663	0.794000
0.000324573	0.798000
0.000326005	0.801000
0.000326959	0.802000
0.000329823	0.803000
0.000336983	0.812000
0.000339369	0.821000
0.000343188	0.822000
0.000344143	0.823000
0.000347961	0.824000
0.000355121	0.830000
0.000365622	0.831000
0.000366576	0.834000
0.000371827	0.835000
0.000373259	0.836000
0.000375168	0.838000
0.0003766	0.839000
0.000377554	0.840000
0.00038185	0.841000
0.000383282	0.843000
0.000387578	0.844000
0.000390442	0.845000
0.000394738	0.848000
0.00039617	0.850000
0.00040142	0.853000
0.000404761	0.854000
0.000410012	0.855000
0.000419081	0.856000
0.000421467	0.858000
0.000421945	0.863000
0.000425763	0.864000
0.000427672	0.865000
0.000428627	0.872000
0.000439605	0.873000
0.000445333	0.874000
0.000453447	0.877000
0.000458698	0.882000
0.000462039	0.883000
0.000471585	0.888000
0.000475404	0.890000
0.000481131	0.891000
0.000482563	0.892000
0.000497837	0.896000
0.00050452	0.897000
0.000506906	0.899000
0.00050977	0.900000
0.000513111	0.903000
0.000515498	0.904000
0.000519794	0.906000
0.000521226	0.907000
0.000535068	0.909000
0.000540795	0.914000
0.000543659	0.917000
0.000558456	0.918000
0.000560843	0.919000
0.000565616	0.920000
0.000576117	0.921000
0.000578026	0.924000
0.000588527	0.925000
0.000592823	0.927000
0.000606187	0.929000
0.000610483	0.930000
0.000626712	0.931000
0.000628621	0.933000
0.000634349	0.935000
0.000638167	0.936000
0.000639122	0.937000
0.000639599	0.939000
0.000659169	0.940000
0.000659646	0.941000
0.00068208	0.944000
0.000685899	0.945000
0.000690194	0.946000
0.000730289	0.947000
0.000730766	0.952000
0.000745563	0.953000
0.000755586	0.954000
0.00075845	0.955000
0.00080284	0.956000
0.000807613	0.958000
0.000820978	0.960000
0.000839116	0.961000
0.000867755	0.962000
0.00088112	0.963000
0.000927896	0.964000
0.000988038	0.965000
0.00101906	0.966000
0.00105963	0.967000
0.00111739	0.968000
0.00113075	0.969000
0.0012181	0.970000
0.00125342	0.971000
0.00126822	0.972000
0.00128922	0.973000
0.00130068	0.974000
0.001315	0.975000
0.00133218	0.976000
0.00134316	0.977000
0.00135414	0.978000
0.00137371	0.979000
0.00137657	0.980000
0.00139853	0.981000
0.00141428	0.982000
0.00145342	0.985000
0.00150974	0.986000
0.0015274	0.987000
0.00155509	0.988000
0.00186582	0.989000
0.00201092	0.990000
0.0024362	0.991000
0.00250923	0.992000
0.00258608	0.993000
0.00273596	0.994000
0.00285194	0.995000
0.00301471	0.996000
0.00322425	0.997000
0.0035283	0.998000
0.0035345	0.999000
0.005	0.999882
	ROC_12_26
0	0
1.90925e-06	0.002000
2.86388e-06	0.003000
3.34119e-06	0.009000
3.8185e-06	0.010000
4.29582e-06	0.011000
5.25044e-06	0.014000
6.20507e-06	0.027000
7.15969e-06	0.038000
8.59163e-06	0.045000
9.06894e-06	0.047000
9.54626e-06	0.048000
1.00236e-05	0.054000
1.14555e-05	0.055000
1.24101e-05	0.062000
1.28874e-05	0.064000
1.33648e-05	0.066000
1.43194e-05	0.067000
1.5274e-05	0.072000
1.57513e-05	0.075000
1.67059e-05	0.077000
1.71833e-05	0.081000
1.86152e-05	0.091000
2.00471e-05	0.095000
2.05245e-05	0.101000
2.10018e-05	0.106000
2.14791e-05	0.117000
2.19564e-05	0.120000
2.33883e-05	0.121000
2.4343e-05	0.129000
2.52976e-05	0.130000
2.57749e-05	0.131000
2.62522e-05	0.132000
2.67295e-05	0.140000
2.72068e-05	0.141000
2.95934e-05	0.149000
3.00707e-05	0.154000
3.0548e-05	0.159000
3.10253e-05	0.161000
3.15026e-05	0.169000
3.24573e-05	0.173000
3.29346e-05	0.179000
3.34119e-05	0.183000
3.43665e-05	0.186000
3.53212e-05	0.193000
3.62758e-05	0.195000
3.67531e-05	0.197000
3.72304e-05	0.203000
3.77077e-05	0.208000
3.86623e-05	0.210000
3.91397e-05	0.213000
3.9617e-05	0.215000
4.15262e-05	0.216000
4.20035e-05	0.219000
4.29582e-05	0.230000
4.43901e-05	0.233000
4.5822e-05	0.237000
4.62993e-05	0.242000
4.7254e-05	0.246000
4.77313e-05	0.248000
4.82086e-05	0.249000
4.96405e-05	0.251000
5.10725e-05	0.252000
5.15498e-05	0.255000
5.20271e-05	0.259000
5.25044e-05	0.261000
5.29817e-05	0.263000
5.3459e-05	0.265000
5.39364e-05	0.268000
5.44137e-05	0.272000
5.4891e-05	0.273000
5.58456e-05	0.278000
5.68002e-05	0.281000
5.72775e-05	0.283000
5.77549e-05	0.288000
5.96641e-05	0.293000
6.06187e-05	0.302000
6.30053e-05	0.305000
6.39599e-05	0.312000
6.49145e-05	0.317000
6.53919e-05	0.318000
6.58692e-05	0.320000
6.73011e-05	0.324000
6.8733e-05	0.331000
6.92104e-05	0.332000
7.0165e-05	0.336000
7.11196e-05	0.342000
7.25516e-05	0.346000
7.35062e-05	0.347000
7.49381e-05	0.356000
7.58927e-05	0.359000
7.63701e-05	0.364000
7.87566e-05	0.366000
7.97112e-05	0.369000
8.06659e-05	0.370000
8.11432e-05	0.373000
8.16205e-05	0.375000
8.40071e-05	0.378000
8.44844e-05	0.379000
8.78256e-05	0.382000
8.87802e-05	0.392000
8.97348e-05	0.394000
9.02121e-05	0.397000
9.06894e-05	0.398000
9.3076e-05	0.408000
9.45079e-05	0.410000
9.54626e-05	0.424000
9.59399e-05	0.426000
9.68945e-05	0.428000
9.78491e-05	0.430000
9.83264e-05	0.436000
9.92811e-05	0.441000
0.00010119	0.445000
0.0001031	0.448000
0.000104054	0.449000
0.000104532	0.450000
0.000105486	0.452000
0.000106441	0.455000
0.00010835	0.461000
0.000109305	0.465000
0.000110737	0.466000
0.000111691	0.467000
0.000112646	0.470000
0.000113123	0.473000
0.000115032	0.477000
0.00011551	0.479000
0.000115987	0.480000
0.000119806	0.482000
0.00012076	0.485000
0.000123147	0.487000
0.000126011	0.488000
0.000128397	0.489000
0.000128874	0.491000
0.000129352	0.492000
0.000129829	0.493000
0.000130306	0.495000
0.000132216	0.501000
0.00013317	0.502000
0.00013508	0.503000
0.000136511	0.504000
0.000137943	0.512000
0.000138421	0.513000
0.000138898	0.514000
0.00014033	0.520000
0.000140807	0.521000
0.000141285	0.524000
0.000142717	0.530000
0.000143671	0.536000
0.000145103	0.539000
0.00014558	0.547000
0.000146058	0.549000
0.00014749	0.551000
0.000148922	0.556000
0.000149876	0.559000
0.000151308	0.562000
0.000153695	0.563000
0.000154649	0.568000
0.000157513	0.569000
0.000160854	0.576000
0.000162286	0.577000
0.000163241	0.590000
0.000168491	0.593000
0.000170401	0.594000
0.000170878	0.599000
0.000176606	0.601000
0.000178038	0.602000
0.00017947	0.603000
0.000181379	0.605000
0.000182334	0.617000
0.000184243	0.619000
0.000185675	0.623000
0.000189016	0.625000
0.000189493	0.627000
0.000190925	0.632000
0.000191402	0.636000
0.00019188	0.637000
0.000194744	0.639000
0.000195698	0.640000
0.000199517	0.644000
0.000200471	0.646000
0.000201426	0.647000
0.000202381	0.649000
0.000203335	0.651000
0.00020429	0.652000
0.000206676	0.655000
0.000207154	0.656000
0.000208108	0.657000
0.000209063	0.661000
0.00020954	0.663000
0.000210972	0.668000
0.000212404	0.672000
0.000214791	0.673000
0.000216223	0.675000
0.000220996	0.676000
0.000221473	0.677000
0.000223382	0.678000
0.00022386	0.679000
0.000229587	0.690000
0.000230065	0.691000
0.000231019	0.692000
0.000233883	0.693000
0.000236747	0.694000
0.000239134	0.695000
0.000240566	0.698000
0.000241998	0.702000
0.00024343	0.704000
0.000245339	0.706000
0.000247248	0.711000
0.000249157	0.716000
0.000250112	0.719000
0.000251067	0.720000
0.000258704	0.721000
0.000259181	0.722000
0.00026109	0.723000
0.000261567	0.724000
0.000262522	0.726000
0.000263954	0.728000
0.000274455	0.729000
0.000277796	0.730000
0.000278751	0.741000
0.000279228	0.743000
0.000279705	0.744000
0.000283524	0.745000
0.000284001	0.746000
0.00028591	0.758000
0.000286388	0.759000
0.000288774	0.760000
0.000291161	0.763000
0.000291638	0.765000
0.000292593	0.770000
0.000293547	0.771000
0.000294979	0.779000
0.000295457	0.788000
0.000301662	0.790000
0.000302139	0.795000
0.000307389	0.796000
0.000311685	0.799000
0.00031264	0.800000
0.000319322	0.801000
0.000324095	0.802000
0.000327437	0.804000
0.000329823	0.807000
0.000331255	0.808000
0.000331732	0.809000
0.000334119	0.812000
0.000337937	0.813000
0.000350348	0.814000
0.000351302	0.817000
0.000357985	0.819000
0.000358462	0.824000
0.000358939	0.825000
0.000361326	0.827000
0.00036228	0.831000
0.000363712	0.832000
0.000366099	0.838000
0.000368486	0.839000
0.000372781	0.840000
0.0003766	0.841000
0.000379464	0.846000
0.000397602	0.850000
0.000399988	0.852000
0.000401897	0.854000
0.000404284	0.856000
0.000405239	0.857000
0.000406193	0.858000
0.000407625	0.859000
0.000412398	0.861000
0.000417171	0.862000
0.000421945	0.865000
0.000427672	0.867000
0.000432445	0.869000
0.000432923	0.870000
0.000437696	0.871000
0.000438173	0.873000
0.000442469	0.875000
0.000447242	0.878000
0.000451538	0.879000
0.000453447	0.880000
0.000464425	0.885000
0.000469199	0.886000
0.000473972	0.890000
0.000480654	0.891000
0.0004902	0.892000
0.000496405	0.897000
0.000499747	0.900000
0.000500224	0.902000
0.000506429	0.903000
0.000509293	0.904000
0.000520271	0.905000
0.000523135	0.909000
0.000533636	0.910000
0.000535068	0.911000
0.000537932	0.912000
0.000540795	0.913000
0.000546523	0.914000
0.000551296	0.915000
0.000552251	0.916000
0.000566093	0.917000
0.000568002	0.919000
0.000575162	0.921000
0.000575639	0.922000
0.000579935	0.923000
0.000596164	0.924000
0.00060046	0.928000
0.000601891	0.929000
0.000608097	0.930000
0.000620029	0.931000
0.000622893	0.932000
0.000623848	0.935000
0.000624803	0.936000
0.000626234	0.937000
0.000631962	0.939000
0.000638167	0.940000
0.000641986	0.942000
0.0006501	0.943000
0.000652964	0.944000
0.000664897	0.945000
0.000680171	0.947000
0.000695922	0.948000
0.000699741	0.949000
0.000701173	0.952000
0.000720265	0.956000
0.000733153	0.957000
0.0007532	0.959000
0.00078327	0.960000
0.000840071	0.961000
0.000858208	0.962000
0.000896871	0.963000
0.000909758	0.964000
0.000972764	0.965000
0.00100761	0.966000
0.00105773	0.967000
0.001073	0.968000
0.00107873	0.969000
0.00108636	0.970000
0.00110975	0.971000
0.0011446	0.972000
0.00115892	0.973000
0.00116082	0.974000
0.00116655	0.975000
0.0011823	0.976000
0.0012329	0.977000
0.00125438	0.978000
0.00128827	0.979000
0.00131166	0.981000
0.00133457	0.982000
0.00134125	0.983000
0.0013613	0.984000
0.00138707	0.985000
0.00149399	0.986000
0.00151738	0.987000
0.00153265	0.988000
0.00195985	0.989000
0.00214934	0.990000
0.00243859	0.991000
0.00253787	0.992000
0.00264909	0.993000
0.00273548	0.994000
0.0028696	0.995000
0.00302091	0.996000
0.00315265	0.997000
0.00339369	0.998000
0.00363283	0.999000
0.005	0.999708
	ROC_12_27
0	0
2.38656e-07	0.001000
4.77313e-07	0.002000
9.54626e-07	0.003000
1.90925e-06	0.006000
2.38656e-06	0.012000
2.86388e-06	0.015000
3.34119e-06	0.020000
4.29582e-06	0.022000
4.77313e-06	0.024000
5.25044e-06	0.025000
5.72775e-06	0.029000
6.68238e-06	0.030000
7.63701e-06	0.031000
8.11432e-06	0.037000
8.59163e-06	0.042000
9.54626e-06	0.043000
1.00236e-05	0.044000
1.09782e-05	0.047000
1.19328e-05	0.049000
1.24101e-05	0.050000
1.28874e-05	0.060000
1.33648e-05	0.061000
1.38421e-05	0.074000
1.47967e-05	0.076000
1.5274e-05	0.078000
1.62286e-05	0.079000
1.67059e-05	0.080000
1.71833e-05	0.091000
1.76606e-05	0.095000
1.86152e-05	0.097000
2.00471e-05	0.100000
2.05245e-05	0.102000
2.14791e-05	0.110000
2.19564e-05	0.112000
2.24337e-05	0.119000
2.2911e-05	0.125000
2.33883e-05	0.137000
2.38656e-05	0.140000
2.48203e-05	0.144000
2.57749e-05	0.147000
2.67295e-05	0.150000
2.72068e-05	0.151000
2.76841e-05	0.154000
2.81615e-05	0.155000
2.86388e-05	0.157000
2.91161e-05	0.158000
3.10253e-05	0.163000
3.198e-05	0.171000
3.24573e-05	0.172000
3.29346e-05	0.177000
3.34119e-05	0.179000
3.38892e-05	0.181000
3.48438e-05	0.184000
3.53212e-05	0.186000
3.57985e-05	0.188000
3.62758e-05	0.194000
3.8185e-05	0.198000
3.86623e-05	0.199000
3.91397e-05	0.203000
3.9617e-05	0.208000
4.05716e-05	0.210000
4.15262e-05	0.214000
4.20035e-05	0.218000
4.24808e-05	0.221000
4.29582e-05	0.223000
4.34355e-05	0.226000
4.48674e-05	0.233000
4.53447e-05	0.235000
4.5822e-05	0.240000
4.62993e-05	0.241000
4.67767e-05	0.244000
4.77313e-05	0.246000
4.82086e-05	0.248000
4.86859e-05	0.249000
4.91632e-05	0.250000
5.01178e-05	0.253000
5.05952e-05	0.264000
5.10725e-05	0.269000
5.15498e-05	0.272000
5.20271e-05	0.273000
5.25044e-05	0.277000
5.29817e-05	0.280000
5.39364e-05	0.287000
5.4891e-05	0.290000
5.58456e-05	0.292000
5.63229e-05	0.294000
5.72775e-05	0.299000
5.87095e-05	0.300000
5.96641e-05	0.307000
6.01414e-05	0.311000
6.06187e-05	0.316000
6.1096e-05	0.317000
6.15734e-05	0.318000
6.2528e-05	0.320000
6.44372e-05	0.328000
6.49145e-05	0.329000
6.53919e-05	0.330000
6.58692e-05	0.334000
6.73011e-05	0.337000
6.77784e-05	0.340000
6.82557e-05	0.341000
6.8733e-05	0.343000
6.96877e-05	0.351000
7.0165e-05	0.352000
7.11196e-05	0.353000
7.20742e-05	0.360000
7.39835e-05	0.361000
7.44608e-05	0.362000
7.49381e-05	0.363000
7.54154e-05	0.366000
7.68474e-05	0.369000
7.73247e-05	0.371000
7.7802e-05	0.376000
7.87566e-05	0.377000
8.30524e-05	0.386000
8.35297e-05	0.390000
8.44844e-05	0.394000
8.49617e-05	0.395000
8.59163e-05	0.397000
8.87802e-05	0.402000
9.16441e-05	0.403000
9.25987e-05	0.404000
9.3076e-05	0.414000
9.45079e-05	0.415000
9.49853e-05	0.417000
9.64172e-05	0.419000
9.73718e-05	0.421000
9.83264e-05	0.427000
0.00010119	0.429000
0.000101668	0.431000
0.000102145	0.433000
0.000107395	0.438000
0.000109305	0.439000
0.000109782	0.440000
0.000110259	0.442000
0.000111214	0.444000
0.000112646	0.451000
0.000114078	0.452000
0.000114555	0.462000
0.000115032	0.464000
0.000116464	0.465000
0.000116942	0.468000
0.000118851	0.470000
0.000120283	0.475000
0.00012076	0.476000
0.000121715	0.478000
0.000123147	0.479000
0.000123624	0.482000
0.000124579	0.486000
0.000125533	0.488000
0.000129352	0.489000
0.000130306	0.493000
0.000130784	0.495000
0.000131738	0.496000
0.000132216	0.499000
0.00013317	0.502000
0.000136511	0.503000
0.000137466	0.506000
0.00014033	0.507000
0.000141285	0.510000
0.000142717	0.515000
0.000144626	0.517000
0.000145103	0.519000
0.00014558	0.520000
0.000146535	0.524000
0.000149399	0.527000
0.000149876	0.528000
0.000150831	0.529000
0.000151308	0.532000
0.000151785	0.533000
0.000152263	0.536000
0.000154172	0.541000
0.000156081	0.542000
0.000156559	0.543000
0.000157036	0.546000
0.000158468	0.549000
0.000158945	0.552000
0.000160854	0.553000
0.000161332	0.554000
0.000161809	0.555000
0.000162286	0.556000
0.000163718	0.558000
0.000164673	0.561000
0.000168969	0.567000
0.000169446	0.571000
0.000170401	0.579000
0.000170878	0.581000
0.00017231	0.585000
0.000173265	0.586000
0.000173742	0.589000
0.000175174	0.596000
0.000176128	0.597000
0.000178038	0.598000
0.000178515	0.599000
0.000179947	0.601000
0.000182811	0.602000
0.000183288	0.604000
0.00018472	0.607000
0.000186152	0.608000
0.000187107	0.611000
0.000187584	0.612000
0.000188061	0.616000
0.000189016	0.617000
0.000192357	0.622000
0.000192834	0.626000
0.000193789	0.627000
0.000194266	0.628000
0.000195221	0.630000
0.000195698	0.632000
0.000197608	0.634000
0.000199039	0.637000
0.000199517	0.638000
0.000200471	0.639000
0.000201426	0.640000
0.000203335	0.641000
0.00020429	0.645000
0.000204767	0.646000
0.000205245	0.648000
0.000207154	0.649000
0.000209063	0.650000
0.000214791	0.651000
0.000215745	0.661000
0.000217655	0.662000
0.000218609	0.663000
0.000219564	0.664000
0.000220041	0.665000
0.000221473	0.666000
0.000222428	0.667000
0.000224814	0.668000
0.000225292	0.669000
0.000225769	0.670000
0.000228633	0.671000
0.000230542	0.672000
0.000231019	0.675000
0.000232929	0.676000
0.000234361	0.678000
0.000235315	0.679000
0.000238656	0.680000
0.000240566	0.681000
0.000241043	0.690000
0.000244861	0.692000
0.000247248	0.694000
0.000251067	0.695000
0.000253453	0.702000
0.00025393	0.704000
0.000258226	0.706000
0.000258704	0.708000
0.000259181	0.711000
0.000259658	0.712000
0.000262999	0.715000
0.000266818	0.718000
0.000267295	0.720000
0.000271114	0.722000
0.000273023	0.725000
0.000274932	0.727000
0.000276364	0.728000
0.000278273	0.729000
0.000279705	0.730000
0.000280183	0.733000
0.000284478	0.734000
0.000284956	0.737000
0.00028591	0.738000
0.00029307	0.739000
0.000294979	0.741000
0.000296411	0.742000
0.000297366	0.743000
0.00030023	0.747000
0.000300707	0.748000
0.000302139	0.750000
0.000303571	0.751000
0.000305003	0.753000
0.000305958	0.754000
0.000307389	0.755000
0.000314072	0.764000
0.000314549	0.765000
0.000315981	0.766000
0.000316458	0.769000
0.000316936	0.771000
0.000318368	0.772000
0.000319322	0.774000
0.000322663	0.776000
0.000323618	0.777000
0.000324095	0.778000
0.000325527	0.791000
0.000328391	0.793000
0.000332687	0.796000
0.000333642	0.797000
0.000335551	0.798000
0.000338892	0.801000
0.000344143	0.802000
0.000346529	0.804000
0.000351302	0.806000
0.000352257	0.808000
0.000352734	0.809000
0.000354166	0.812000
0.000355598	0.814000
0.000358462	0.815000
0.000365144	0.819000
0.00036944	0.820000
0.000371349	0.822000
0.000371827	0.823000
0.000375168	0.824000
0.000375645	0.826000
0.000379464	0.831000
0.000384714	0.832000
0.000389487	0.833000
0.000390919	0.834000
0.000392351	0.836000
0.000393306	0.839000
0.000396647	0.840000
0.000399511	0.843000
0.000399988	0.846000
0.000406671	0.847000
0.000410489	0.848000
0.000413353	0.852000
0.000414308	0.853000
0.000417649	0.854000
0.000419081	0.855000
0.000421467	0.857000
0.000425286	0.860000
0.000426718	0.862000
0.000432923	0.863000
0.000435787	0.864000
0.000437219	0.867000
0.000437696	0.868000
0.000440082	0.869000
0.00044056	0.871000
0.000441514	0.872000
0.000444378	0.875000
0.000450583	0.876000
0.000453447	0.877000
0.00046013	0.878000
0.000461562	0.879000
0.000464425	0.880000
0.00046538	0.881000
0.000467289	0.882000
0.00047063	0.883000
0.000474449	0.888000
0.000485904	0.889000
0.000487814	0.890000
0.000490678	0.891000
0.000491155	0.892000
0.000492587	0.893000
0.00049736	0.896000
0.000499747	0.897000
0.000500224	0.904000
0.000501178	0.907000
0.000519794	0.908000
0.000521703	0.910000
0.00052218	0.911000
0.000525999	0.913000
0.000528385	0.914000
0.000532681	0.915000
0.000535545	0.916000
0.000539841	0.917000
0.000550342	0.918000
0.000555115	0.919000
0.000556069	0.920000
0.000557501	0.922000
0.00056132	0.924000
0.000565616	0.925000
0.000571343	0.926000
0.000594732	0.927000
0.000596641	0.928000
0.00059855	0.929000
0.000622416	0.930000
0.000631962	0.934000
0.000635781	0.938000
0.000641031	0.939000
0.000652009	0.940000
0.00065726	0.941000
0.000668715	0.942000
0.000678262	0.943000
0.000678739	0.944000
0.000691626	0.945000
0.000693536	0.948000
0.000697831	0.949000
0.000707855	0.951000
0.000708332	0.952000
0.000718356	0.953000
0.000721697	0.954000
0.000727425	0.955000
0.000740312	0.957000
0.000747472	0.958000
0.000758927	0.960000
0.000764178	0.961000
0.00078327	0.962000
0.000796158	0.963000
0.000824797	0.964000
0.000830524	0.965000
0.000895439	0.966000
0.000902121	0.967000
0.000911668	0.968000
0.000913099	0.969000
0.000916918	0.970000
0.001094	0.971000
0.00126202	0.972000
0.00127968	0.973000
0.00128063	0.975000
0.00129304	0.976000
0.00129925	0.977000
0.00130211	0.978000
0.0013045	0.979000
0.00132932	0.980000
0.00135414	0.981000
0.00140903	0.982000
0.00149256	0.983000
0.00152358	0.984000
0.0015379	0.985000
0.00157179	0.986000
0.0017021	0.987000
0.00180997	0.988000
0.00195746	0.989000
0.00241138	0.990000
0.0024448	0.991000
0.00252594	0.992000
0.00255792	0.993000
0.002756	0.994000
0.00280374	0.995000
0.00284335	0.996000
0.00290874	0.997000
0.00329919	0.998000
0.0033789	0.999000
0.005	0.999776
	ROC_12_28
0	0
1.90925e-06	0.006000
2.38656e-06	0.007000
2.86388e-06	0.008000
3.34119e-06	0.015000
3.8185e-06	0.016000
4.77313e-06	0.017000
5.25044e-06	0.021000
5.72775e-06	0.023000
6.20507e-06	0.025000
6.68238e-06	0.027000
7.15969e-06	0.036000
8.11432e-06	0.037000
9.54626e-06	0.039000
1.00236e-05	0.041000
1.05009e-05	0.042000
1.09782e-05	0.048000
1.19328e-05	0.053000
1.24101e-05	0.056000
1.28874e-05	0.065000
1.33648e-05	0.066000
1.38421e-05	0.069000
1.43194e-05	0.071000
1.57513e-05	0.072000
1.62286e-05	0.073000
1.67059e-05	0.074000
1.71833e-05	0.077000
1.76606e-05	0.086000
1.86152e-05	0.096000
1.90925e-05	0.098000
1.95698e-05	0.102000
2.00471e-05	0.104000
2.05245e-05	0.106000
2.10018e-05	0.118000
2.14791e-05	0.119000
2.19564e-05	0.120000
2.24337e-05	0.122000
2.2911e-05	0.125000
2.33883e-05	0.127000
2.4343e-05	0.128000
2.52976e-05	0.134000
2.57749e-05	0.139000
2.62522e-05	0.142000
2.67295e-05	0.144000
2.72068e-05	0.149000
2.81615e-05	0.153000
2.86388e-05	0.157000
2.91161e-05	0.158000
3.0548e-05	0.159000
3.15026e-05	0.161000
3.198e-05	0.169000
3.24573e-05	0.171000
3.29346e-05	0.179000
3.34119e-05	0.180000
3.38892e-05	0.181000
3.43665e-05	0.184000
3.48438e-05	0.185000
3.53212e-05	0.187000
3.57985e-05	0.189000
3.62758e-05	0.191000
3.72304e-05	0.193000
3.77077e-05	0.198000
3.8185e-05	0.199000
3.86623e-05	0.215000
3.91397e-05	0.223000
3.9617e-05	0.225000
4.05716e-05	0.227000
4.10489e-05	0.230000
4.15262e-05	0.236000
4.20035e-05	0.242000
4.34355e-05	0.251000
4.39128e-05	0.253000
4.5822e-05	0.256000
4.67767e-05	0.258000
4.77313e-05	0.260000
4.82086e-05	0.261000
4.86859e-05	0.262000
4.91632e-05	0.263000
4.96405e-05	0.266000
5.01178e-05	0.268000
5.05952e-05	0.270000
5.10725e-05	0.271000
5.15498e-05	0.272000
5.29817e-05	0.278000
5.44137e-05	0.279000
5.53683e-05	0.280000
5.58456e-05	0.295000
5.63229e-05	0.296000
5.68002e-05	0.299000
5.72775e-05	0.300000
5.77549e-05	0.301000
5.82322e-05	0.302000
5.87095e-05	0.304000
5.91868e-05	0.314000
5.96641e-05	0.317000
6.01414e-05	0.318000
6.06187e-05	0.322000
6.1096e-05	0.323000
6.20507e-05	0.328000
6.34826e-05	0.329000
6.39599e-05	0.330000
6.49145e-05	0.336000
6.53919e-05	0.341000
6.68238e-05	0.349000
6.73011e-05	0.352000
6.77784e-05	0.355000
6.8733e-05	0.358000
6.92104e-05	0.359000
6.96877e-05	0.365000
7.35062e-05	0.366000
7.44608e-05	0.373000
7.49381e-05	0.374000
7.54154e-05	0.377000
7.82793e-05	0.381000
7.87566e-05	0.384000
7.97112e-05	0.390000
8.01886e-05	0.395000
8.06659e-05	0.396000
8.11432e-05	0.397000
8.35297e-05	0.399000
8.44844e-05	0.400000
8.73483e-05	0.401000
8.83029e-05	0.405000
8.92575e-05	0.411000
8.97348e-05	0.416000
9.06894e-05	0.418000
9.11668e-05	0.421000
9.21214e-05	0.424000
9.3076e-05	0.425000
9.45079e-05	0.428000
9.54626e-05	0.431000
9.78491e-05	0.439000
9.83264e-05	0.441000
9.88038e-05	0.446000
0.000100713	0.449000
0.00010119	0.450000
0.000101668	0.451000
0.000102145	0.458000
0.0001031	0.462000
0.000105009	0.468000
0.000105963	0.471000
0.000106918	0.472000
0.000107873	0.473000
0.00010835	0.475000
0.000110259	0.479000
0.000111214	0.486000
0.000111691	0.487000
0.000112169	0.488000
0.000113123	0.490000
0.000114555	0.497000
0.000115032	0.499000
0.000116464	0.500000
0.000116942	0.501000
0.000117896	0.502000
0.000118374	0.505000
0.000118851	0.506000
0.000123147	0.512000
0.000123624	0.516000
0.000126488	0.517000
0.000127443	0.522000
0.000128874	0.523000
0.000130784	0.524000
0.000132216	0.529000
0.000132693	0.530000
0.00013317	0.531000
0.000133648	0.535000
0.000135557	0.537000
0.000137466	0.542000
0.000137943	0.543000
0.000140807	0.549000
0.000141285	0.552000
0.000141762	0.553000
0.000142239	0.555000
0.000143671	0.556000
0.000144148	0.560000
0.000145103	0.561000
0.00014749	0.562000
0.000150831	0.570000
0.000151308	0.573000
0.000152263	0.574000
0.00015274	0.577000
0.000153695	0.578000
0.000155127	0.584000
0.000156559	0.585000
0.000157513	0.587000
0.000157991	0.588000
0.000159422	0.591000
0.000161809	0.596000
0.000167059	0.597000
0.000169923	0.598000
0.000171833	0.601000
0.000173742	0.604000
0.000175651	0.607000
0.000176128	0.608000
0.000177083	0.609000
0.000178038	0.611000
0.000178992	0.613000
0.00017947	0.617000
0.000179947	0.619000
0.000186629	0.620000
0.000188539	0.624000
0.000189971	0.626000
0.000192357	0.628000
0.000194744	0.632000
0.000198085	0.634000
0.000199039	0.636000
0.000199994	0.638000
0.000201426	0.639000
0.000203335	0.640000
0.000203813	0.641000
0.000205245	0.643000
0.000208108	0.644000
0.00020954	0.647000
0.000210018	0.648000
0.00021145	0.649000
0.000212404	0.650000
0.000215745	0.652000
0.0002167	0.658000
0.000217177	0.659000
0.000217655	0.660000
0.000219087	0.661000
0.000220519	0.663000
0.00022195	0.670000
0.000226246	0.672000
0.000227678	0.673000
0.000228633	0.674000
0.00022911	0.677000
0.000229587	0.679000
0.000231974	0.680000
0.000232451	0.681000
0.000235793	0.685000
0.000238179	0.689000
0.000239134	0.693000
0.000240088	0.695000
0.000241043	0.696000
0.000242952	0.697000
0.000245339	0.701000
0.000245816	0.702000
0.000249157	0.705000
0.000249635	0.706000
0.000250589	0.707000
0.000251067	0.708000
0.000252976	0.710000
0.000254408	0.712000
0.000257272	0.713000
0.000258226	0.717000
0.000263477	0.722000
0.000265863	0.723000
0.000267295	0.725000
0.000270159	0.726000
0.000270636	0.727000
0.000271114	0.728000
0.000272546	0.729000
0.000274455	0.732000
0.00027541	0.734000
0.000276841	0.735000
0.000277319	0.736000
0.000281615	0.737000
0.00028591	0.741000
0.000286865	0.742000
0.000287342	0.743000
0.000290206	0.745000
0.000294025	0.746000
0.000294979	0.747000
0.000295457	0.748000
0.000302616	0.750000
0.000304048	0.753000
0.000305958	0.754000
0.000306435	0.756000
0.000308344	0.757000
0.000315981	0.760000
0.000316458	0.761000
0.00031789	0.765000
0.0003198	0.767000
0.000321709	0.768000
0.000322186	0.769000
0.000323141	0.770000
0.000323618	0.774000
0.000324095	0.775000
0.000324573	0.776000
0.000326959	0.777000
0.000327914	0.779000
0.000335074	0.780000
0.000336506	0.790000
0.00033746	0.791000
0.000340801	0.792000
0.000343665	0.793000
0.00034462	0.794000
0.000345097	0.796000
0.000350825	0.799000
0.000353212	0.800000
0.000355121	0.803000
0.00035703	0.806000
0.000358462	0.807000
0.000359894	0.809000
0.00036228	0.811000
0.000365144	0.813000
0.000368963	0.818000
0.000370395	0.820000
0.000374213	0.821000
0.000379941	0.824000
0.000381373	0.826000
0.000382805	0.827000
0.00038376	0.828000
0.000386146	0.832000
0.000388533	0.835000
0.000389487	0.836000
0.000392828	0.837000
0.000393783	0.838000
0.00039617	0.839000
0.000399034	0.840000
0.000403329	0.841000
0.000409057	0.844000
0.000411444	0.846000
0.000412876	0.849000
0.000413353	0.850000
0.000422422	0.851000
0.000427672	0.852000
0.000428627	0.853000
0.000431013	0.854000
0.000432923	0.857000
0.000437696	0.863000
0.000438173	0.865000
0.000439605	0.868000
0.000443901	0.870000
0.000444856	0.872000
0.000446765	0.873000
0.000466335	0.875000
0.000466812	0.876000
0.000467289	0.880000
0.000469676	0.881000
0.000477313	0.883000
0.00047779	0.884000
0.000483518	0.885000
0.00048495	0.887000
0.000491632	0.888000
0.000497837	0.889000
0.000498792	0.890000
0.000500701	0.892000
0.00050261	0.895000
0.000503088	0.896000
0.00050452	0.897000
0.000505952	0.898000
0.000506906	0.899000
0.000508815	0.900000
0.000520748	0.902000
0.000538409	0.903000
0.000543182	0.904000
0.000547478	0.908000
0.000551774	0.909000
0.000555115	0.910000
0.000555592	0.911000
0.000556069	0.912000
0.000567048	0.914000
0.000569912	0.915000
0.000570866	0.916000
0.000571821	0.917000
0.000573253	0.918000
0.000574207	0.919000
0.000581367	0.920000
0.000587572	0.922000
0.000589959	0.924000
0.0005933	0.926000
0.000595686	0.927000
0.000598073	0.928000
0.000599028	0.929000
0.000599982	0.930000
0.000601414	0.931000
0.000602369	0.933000
0.000611915	0.936000
0.000619075	0.938000
0.000631485	0.941000
0.000640077	0.942000
0.000646759	0.943000
0.000652487	0.945000
0.000653441	0.946000
0.000653919	0.947000
0.000668238	0.948000
0.000682557	0.950000
0.00070165	0.951000
0.000704991	0.952000
0.000737448	0.953000
0.000738403	0.954000
0.000743176	0.955000
0.000754632	0.957000
0.000758927	0.958000
0.000766087	0.959000
0.000771815	0.960000
0.000879688	0.961000
0.000920259	0.962000
0.00092551	0.964000
0.0010267	0.965000
0.00105009	0.966000
0.00105438	0.967000
0.00116846	0.968000
0.00117371	0.969000
0.00122049	0.970000
0.00127347	0.972000
0.00127968	0.973000
0.00128874	0.974000
0.00130115	0.975000
0.00130641	0.976000
0.00131882	0.977000
0.00132072	0.978000
0.00132979	0.979000
0.00134173	0.980000
0.00137609	0.981000
0.00139757	0.982000
0.00140044	0.983000
0.00142239	0.984000
0.00143051	0.986000
0.00143098	0.987000
0.00154029	0.988000
0.00192787	0.989000
0.00194075	0.990000
0.00255935	0.991000
0.00265386	0.992000
0.00275505	0.993000
0.00293356	0.994000
0.00313499	0.995000
0.00318368	0.996000
0.00329537	0.997000
0.00351541	0.998000
0.00371015	0.999000
0.005	0.999582
