PEAKS035427_ATOH1_P48985_MACS2.fa	8	40	0.000713929	0.348747
PEAKS035427_ATOH1_P48985_MACS2.fa	8	60	0.000676788	0.325326
PEAKS035427_ATOH1_P48985_MACS2.fa	8	80	0.000676788	0.325348
PEAKS035427_ATOH1_P48985_MACS2.fa	8	100	0.000676799	0.324149
PEAKS035427_ATOH1_P48985_MACS2.fa	12	40	0.000733407	0.443556
PEAKS035427_ATOH1_P48985_MACS2.fa	12	60	0.000789049	0.489283
PEAKS035427_ATOH1_P48985_MACS2.fa	12	80	0.000779366	0.509113
PEAKS035427_ATOH1_P48985_MACS2.fa	12	100	0.000789668	0.533933
PEAKS035427_ATOH1_P48985_MACS2.fa	16	40	0.000521091	0.261781
PEAKS035427_ATOH1_P48985_MACS2.fa	16	60	0.000573388	0.266995
PEAKS035427_ATOH1_P48985_MACS2.fa	16	80	0.00075661	0.436103
PEAKS035427_ATOH1_P48985_MACS2.fa	16	100	0.000808288	0.529445
PEAKS035427_ATOH1_P48985_MACS2.fa	20	40	0.000356359	0.214146
PEAKS035427_ATOH1_P48985_MACS2.fa	20	60	0.000635902	0.326047
PEAKS035427_ATOH1_P48985_MACS2.fa	20	80	0.000338151	0.183601
PEAKS035427_ATOH1_P48985_MACS2.fa	20	100	0.000650859	0.313715
