1.000000000000	5.12710661275e-07
0.999998750000	1.02542132255e-06
0.999997900000	1.53813198382e-06
0.999996766667	2.0508426451e-06
0.999995533333	2.56355330637e-06
0.999994733333	3.07626396765e-06
0.999994050000	3.58897462892e-06
0.999993033333	4.1016852902e-06
0.999992166667	4.61439595147e-06
0.999990900000	5.12710661275e-06
0.999989833333	5.63981727402e-06
0.999989083333	6.1525279353e-06
0.999988333333	6.66523859657e-06
0.999987366667	7.17794925785e-06
0.999986400000	7.69065991912e-06
0.999985583333	8.2033705804e-06
0.999984600000	8.71608124167e-06
0.999983650000	9.22879190295e-06
0.999982933333	9.74150256422e-06
0.999981933333	1.02542132255e-05
0.999980800000	1.07669238868e-05
0.999979750000	1.1279634548e-05
0.999978850000	1.17923452093e-05
0.999977766667	1.23050558706e-05
0.999976866667	1.28177665319e-05
0.999975666667	1.33304771931e-05
0.999974833333	1.38431878544e-05
0.999973866667	1.43558985157e-05
0.999972800000	1.4868609177e-05
0.999971916667	1.53813198382e-05
0.999971150000	1.58940304995e-05
0.999970300000	1.64067411608e-05
0.999969683333	1.69194518221e-05
0.999969166667	1.74321624833e-05
0.999968033333	1.79448731446e-05
0.999967233333	1.84575838059e-05
0.999966083333	1.92522853309e-05
0.999966033333	1.97649959921e-05
0.999965300000	2.02777066534e-05
0.999964533333	2.07904173147e-05
0.999963466667	2.1303127976e-05
0.999962733333	2.18158386372e-05
0.999961583333	2.23285492985e-05
0.999960550000	2.28412599598e-05
0.999959600000	2.33539706211e-05
0.999958666667	2.38666812823e-05
0.999957916667	2.43793919436e-05
0.999957233333	2.48921026049e-05
0.999956566667	2.54048132662e-05
0.999955716667	2.59175239274e-05
0.999954800000	2.64302345887e-05
0.999953933333	2.694294525e-05
0.999953250000	2.74556559113e-05
0.999952333333	2.79683665725e-05
0.999951383333	2.84810772338e-05
0.999950350000	2.89937878951e-05
0.999949333333	2.95064985564e-05
0.999948500000	3.00192092176e-05
0.999947866667	3.05319198789e-05
0.999947000000	3.10446305402e-05
0.999945700000	3.15573412015e-05
0.999944666667	3.20700518627e-05
0.999943566667	3.2582762524e-05
0.999942533333	3.30954731853e-05
0.999941500000	3.36081838466e-05
0.999940566667	3.41208945078e-05
0.999939700000	3.46336051691e-05
0.999938466667	3.51463158304e-05
0.999937416667	3.56590264917e-05
0.999936383333	3.61717371529e-05
0.999935533333	3.66844478142e-05
0.999934700000	3.71971584755e-05
0.999933750000	3.77098691368e-05
0.999932900000	3.8222579798e-05
0.999932233333	3.87352904593e-05
0.999930950000	3.92480011206e-05
0.999930000000	3.97607117819e-05
0.999928916667	4.02734224431e-05
0.999927783333	4.07861331044e-05
0.999926966667	4.12988437657e-05
0.999926083333	4.1811554427e-05
0.999925166667	4.23242650882e-05
0.999924300000	4.28369757495e-05
0.999923333333	4.33496864108e-05
0.999922450000	4.38623970721e-05
0.999921483333	4.43751077333e-05
0.999920566667	4.48878183946e-05
0.999919666667	4.54005290559e-05
0.999918550000	4.59132397172e-05
0.999917516667	4.64259503784e-05
0.999916833333	4.69386610397e-05
0.999915866667	4.7451371701e-05
0.999914933333	4.79640823623e-05
0.999914333333	4.84767930235e-05
0.999913700000	4.89895036848e-05
0.999912833333	4.95022143461e-05
0.999912033333	5.00149250073e-05
0.999910850000	5.05276356686e-05
0.999909900000	5.10403463299e-05
0.999909066667	5.15530569912e-05
0.999908100000	5.20657676524e-05
0.999907200000	5.25784783137e-05
0.999906283333	5.3091188975e-05
0.999905416667	5.36038996363e-05
0.999904566667	5.41166102975e-05
0.999903533333	5.46293209588e-05
0.999902600000	5.51420316201e-05
0.999901833333	5.56547422814e-05
0.999900733333	5.61674529426e-05
0.999899800000	5.66801636039e-05
0.999899166667	5.71928742652e-05
0.999898966667	5.77055849265e-05
0.999898333333	5.82182955877e-05
0.999897366667	5.8731006249e-05
0.999896416667	5.92437169103e-05
0.999895666667	5.97564275716e-05
0.999894633333	6.02691382328e-05
0.999893600000	6.07818488941e-05
0.999892400000	6.12945595554e-05
0.999891433333	6.18072702167e-05
0.999890400000	6.23199808779e-05
0.999889583333	6.28326915392e-05
0.999888333333	6.33454022005e-05
0.999887333333	6.38581128618e-05
0.999886333333	6.4370823523e-05
0.999885433333	6.48835341843e-05
0.999884550000	6.53962448456e-05
0.999883716667	6.59089555069e-05
0.999882666667	6.64216661681e-05
0.999881883333	6.69343768294e-05
0.999880900000	6.74470874907e-05
0.999879966667	6.7959798152e-05
0.999879316667	6.84725088132e-05
0.999878566667	6.89852194745e-05
0.999877450000	6.94979301358e-05
0.999876466667	7.00106407971e-05
0.999875650000	7.05233514583e-05
0.999874733333	7.10360621196e-05
0.999874133333	7.15487727809e-05
0.999873533333	7.20614834422e-05
0.999872750000	7.25741941034e-05
0.999871583333	7.30869047647e-05
0.999870866667	7.3599615426e-05
0.999869766667	7.41123260873e-05
0.999869050000	7.46250367485e-05
0.999868250000	7.51377474098e-05
0.999867400000	7.56504580711e-05
0.999866483333	7.61631687324e-05
0.999865616667	7.66758793936e-05
0.999864733333	7.71885900549e-05
0.999864533333	7.77013007162e-05
0.999863666667	7.82140113775e-05
0.999862750000	7.87267220387e-05
0.999861600000	7.92394327e-05
0.999860700000	7.97521433613e-05
0.999860033333	8.02648540226e-05
0.999859250000	8.07775646838e-05
0.999858450000	8.12902753451e-05
0.999857416667	8.18029860064e-05
0.999856400000	8.23156966677e-05
0.999855550000	8.28284073289e-05
0.999854566667	8.33411179902e-05
0.999853750000	8.38538286515e-05
0.999852666667	8.43665393128e-05
0.999851750000	8.4879249974e-05
0.999850783333	8.53919606353e-05
0.999849916667	8.59046712966e-05
0.999848783333	8.64173819579e-05
0.999847950000	8.69300926191e-05
0.999847200000	8.74428032804e-05
0.999846200000	8.79555139417e-05
0.999845583333	8.8468224603e-05
0.999844833333	8.89809352642e-05
0.999843950000	8.94936459255e-05
0.999843150000	9.00063565868e-05
0.999842266667	9.05190672481e-05
0.999841266667	9.10317779093e-05
0.999840366667	9.15444885706e-05
0.999839433333	9.20571992319e-05
0.999838550000	9.25699098932e-05
0.999837400000	9.30826205544e-05
0.999836333333	9.35953312157e-05
0.999835450000	9.4108041877e-05
0.999834383333	9.46207525383e-05
0.999833650000	9.51334631995e-05
0.999832383333	9.56461738608e-05
0.999831833333	9.61588845221e-05
0.999830983333	9.66715951833e-05
0.999829633333	9.71843058446e-05
0.999828800000	9.76970165059e-05
0.999827700000	9.82097271672e-05
0.999826666667	9.87224378284e-05
0.999825766667	9.92351484897e-05
0.999824483333	9.9747859151e-05
0.999823666667	0.000100260569812
0.999822500000	0.000100773280474
0.999821583333	0.000101285991135
0.999820466667	0.000101798701796
0.999819433333	0.000102311412457
0.999818466667	0.000102824123119
0.999817500000	0.00010333683378
0.999816633333	0.000103849544441
0.999815600000	0.000104362255102
0.999814583333	0.000104874965764
0.999813716667	0.000105387676425
0.999812983333	0.000105900387086
0.999811900000	0.000106413097748
0.999810850000	0.000106925808409
0.999809816667	0.00010743851907
0.999808633333	0.000107951229731
0.999807600000	0.000108463940393
0.999806433333	0.000108976651054
0.999805583333	0.000109489361715
0.999804766667	0.000110002072376
0.999803866667	0.000110514783038
0.999803000000	0.000111027493699
0.999801916667	0.00011154020436
0.999801200000	0.000112052915022
0.999800566667	0.000112565625683
0.999799466667	0.000113078336344
0.999798366667	0.000113591047005
0.999797650000	0.000114103757667
0.999796766667	0.000114616468328
0.999795866667	0.000115129178989
0.999794900000	0.000115641889651
0.999793800000	0.000116154600312
0.999792900000	0.000116667310973
0.999792216667	0.000117180021634
0.999791483333	0.000117692732296
0.999790633333	0.000118205442957
0.999789666667	0.000118718153618
0.999788566667	0.000119230864279
0.999787233333	0.000119743574941
0.999786116667	0.000120256285602
0.999785400000	0.000120768996263
0.999784433333	0.000121281706925
0.999783133333	0.000121794417586
0.999782300000	0.000122307128247
0.999781266667	0.000122819838908
0.999780533333	0.00012333254957
0.999779866667	0.000123845260231
0.999779166667	0.000124409241958
0.999779166667	0.00012492195262
0.999778266667	0.000125434663281
0.999777333333	0.000125947373942
0.999776100000	0.000126460084603
0.999774900000	0.000126972795265
0.999773866667	0.000127485505926
0.999773200000	0.000127998216587
0.999772400000	0.000128510927249
0.999771533333	0.00012902363791
0.999770800000	0.000129536348571
0.999769800000	0.000130049059232
0.999768616667	0.000130561769894
0.999767550000	0.000131074480555
0.999766466667	0.000131587191216
0.999765833333	0.000132099901877
0.999764916667	0.000132612612539
0.999764166667	0.0001331253232
0.999763300000	0.000133638033861
0.999762166667	0.000134150744523
0.999761283333	0.000134663455184
0.999760266667	0.000135176165845
0.999759250000	0.000135688876506
0.999758366667	0.000136201587168
0.999757333333	0.000136714297829
0.999756383333	0.00013722700849
0.999755416667	0.000137739719151
0.999754466667	0.000138252429813
0.999754166667	0.000138765140474
0.999752900000	0.000139277851135
0.999751900000	0.000139790561797
0.999751050000	0.000140303272458
0.999750066667	0.000140815983119
0.999748933333	0.00014132869378
0.999747900000	0.000141841404442
0.999746650000	0.000142354115103
0.999745833333	0.000142866825764
0.999744733333	0.000143379536425
0.999743800000	0.000143892247087
0.999742800000	0.000144404957748
0.999742033333	0.000144917668409
0.999740916667	0.000145430379071
0.999740033333	0.000145943089732
0.999738866667	0.000146455800393
0.999737966667	0.000146968511054
0.999736866667	0.000147481221716
0.999736200000	0.000147993932377
0.999735466667	0.000148506643038
0.999734600000	0.000149019353699
0.999733933333	0.000149532064361
0.999733300000	0.000150044775022
0.999732366667	0.000150557485683
0.999731250000	0.000151070196345
0.999730133333	0.000151582907006
0.999729083333	0.000152095617667
0.999728050000	0.000152608328328
0.999727300000	0.00015312103899
0.999726733333	0.000153633749651
0.999725916667	0.000154146460312
0.999724900000	0.000154659170974
0.999723866667	0.000155171881635
0.999722866667	0.000155684592296
0.999721666667	0.000156197302957
0.999720800000	0.000156710013619
0.999719900000	0.00015722272428
0.999719366667	0.000157735434941
0.999718416667	0.000158248145602
0.999717633333	0.000158760856264
0.999716700000	0.000159273566925
0.999715833333	0.000159786277586
0.999715050000	0.000160298988248
0.999714333333	0.000160811698909
0.999713266667	0.00016132440957
0.999712233333	0.000161837120231
0.999711566667	0.000162349830893
0.999710716667	0.000162862541554
0.999709766667	0.000163375252215
0.999708783333	0.000163887962876
0.999707966667	0.000164400673538
0.999707100000	0.000164913384199
0.999706400000	0.00016542609486
0.999705433333	0.000165938805522
0.999704333333	0.000166451516183
0.999703700000	0.000166964226844
0.999702950000	0.000167476937505
0.999701700000	0.000167989648167
0.999700533333	0.000168502358828
0.999699800000	0.000169015069489
0.999698600000	0.00016952778015
0.999697800000	0.000170040490812
0.999697066667	0.000170553201473
0.999696133333	0.000171065912134
0.999695166667	0.000171578622796
0.999694266667	0.000172091333457
0.999693266667	0.000172604044118
0.999692266667	0.000173116754779
0.999691500000	0.000173629465441
0.999690366667	0.000174142176102
0.999689533333	0.000174654886763
0.999688366667	0.000175167597425
0.999687300000	0.000175680308086
0.999686266667	0.000176193018747
0.999685333333	0.000176705729408
0.999684133333	0.00017721844007
0.999683200000	0.000177731150731
0.999682216667	0.000178243861392
0.999681400000	0.000178756572053
0.999680333333	0.000179269282715
0.999679433333	0.000179781993376
0.999678416667	0.000180294704037
0.999677700000	0.000180807414699
0.999676700000	0.00018132012536
0.999675833333	0.000181832836021
0.999675000000	0.000182345546682
0.999674000000	0.000182858257344
0.999673016667	0.000183370968005
0.999671800000	0.000183883678666
0.999670966667	0.000184396389327
0.999670250000	0.000184909099989
0.999669183333	0.00018542181065
0.999668366667	0.000185934521311
0.999667266667	0.000186447231973
0.999666266667	0.000186959942634
0.999665366667	0.000187472653295
0.999664400000	0.000187985363956
0.999663333333	0.000188498074618
0.999662083333	0.000189010785279
0.999661250000	0.00018952349594
0.999660066667	0.000190036206601
0.999659033333	0.000190548917263
0.999658133333	0.000191061627924
0.999657133333	0.000191574338585
0.999656166667	0.000192087049247
0.999655300000	0.000192599759908
0.999654466667	0.000193112470569
0.999653266667	0.00019362518123
0.999652333333	0.000194137891892
0.999651566667	0.000194650602553
0.999650733333	0.000195163313214
0.999649950000	0.000195676023875
0.999649000000	0.000196188734537
0.999647966667	0.000196701445198
0.999646833333	0.000197214155859
0.999646116667	0.000197726866521
0.999645383333	0.000198239577182
0.999644533333	0.000198752287843
0.999643750000	0.000199264998504
0.999642600000	0.000199777709166
0.999641666667	0.000200290419827
0.999640933333	0.000200803130488
0.999640233333	0.00020131584115
0.999639416667	0.000201828551811
0.999638483333	0.000202341262472
0.999637300000	0.000202853973133
0.999636466667	0.000203366683795
0.999635566667	0.000203879394456
0.999634333333	0.000204392105117
0.999633583333	0.000204904815778
0.999633000000	0.00020541752644
0.999631650000	0.000205930237101
0.999630650000	0.000206442947762
0.999629766667	0.000206955658424
0.999628700000	0.000207468369085
0.999627800000	0.000207981079746
0.999627083333	0.000208493790407
0.999625750000	0.000209006501069
0.999624833333	0.00020951921173
0.999623766667	0.000210031922391
0.999622783333	0.000210544633052
0.999621883333	0.000211057343714
0.999620700000	0.000211570054375
0.999619933333	0.000212082765036
0.999619033333	0.000212595475698
0.999618300000	0.000213108186359
0.999617266667	0.00021362089702
0.999616533333	0.000214133607681
0.999615433333	0.000214646318343
0.999614450000	0.000215159029004
0.999613133333	0.000215671739665
0.999612333333	0.000216184450326
0.999611400000	0.000216697160988
0.999610400000	0.000217209871649
0.999609600000	0.00021772258231
0.999609116667	0.000218235292972
0.999607883333	0.000218748003633
0.999607166667	0.000219260714294
0.999606283333	0.000219773424955
0.999605500000	0.000220286135617
0.999604700000	0.000220798846278
0.999603883333	0.000221311556939
0.999603166667	0.000221824267601
0.999602316667	0.000222336978262
0.999601100000	0.000222849688923
0.999600400000	0.000223362399584
0.999599500000	0.000223875110246
0.999598650000	0.000224387820907
0.999597933333	0.000224900531568
0.999597100000	0.000225413242229
0.999596266667	0.000225925952891
0.999595133333	0.000226438663552
0.999594300000	0.000226951374213
0.999593316667	0.000227464084875
0.999592400000	0.000227976795536
0.999591600000	0.000228489506197
0.999590783333	0.000229002216858
0.999589916667	0.00022951492752
0.999588866667	0.000230027638181
0.999588200000	0.000230540348842
0.999587266667	0.000231053059503
0.999586333333	0.000231565770165
0.999585366667	0.000232078480826
0.999584650000	0.000232591191487
0.999583733333	0.000233103902149
0.999582650000	0.00023361661281
0.999581766667	0.000234129323471
0.999580566667	0.000234642034132
0.999579633333	0.000235154744794
0.999578666667	0.000235667455455
0.999577300000	0.000236180166116
0.999576216667	0.000236692876777
0.999575400000	0.000237205587439
0.999574416667	0.0002377182981
0.999573500000	0.000238231008761
0.999572500000	0.000238743719423
0.999571500000	0.000239256430084
0.999570716667	0.000239769140745
0.999569833333	0.000240281851406
0.999568633333	0.000240794562068
0.999567783333	0.000241307272729
0.999566950000	0.00024181998339
0.999566166667	0.000242332694052
0.999565233333	0.000242845404713
0.999564333333	0.000243358115374
0.999563450000	0.000243870826035
0.999562800000	0.000244383536697
0.999561883333	0.000244896247358
0.999560733333	0.000245408958019
0.999559766667	0.00024592166868
0.999558600000	0.000246434379342
0.999557766667	0.000246947090003
0.999556700000	0.000247459800664
0.999555683333	0.000247972511326
0.999554900000	0.000248485221987
0.999553950000	0.000248997932648
0.999552633333	0.000249510643309
0.999551666667	0.000250023353971
0.999550850000	0.000250536064632
0.999549766667	0.000251048775293
0.999549166667	0.000251561485954
0.999548633333	0.000252074196616
0.999547466667	0.000252586907277
0.999546266667	0.000253099617938
0.999545266667	0.0002536123286
0.999544433333	0.000254125039261
0.999543233333	0.000254637749922
0.999542466667	0.000255150460583
0.999541466667	0.000255663171245
0.999540583333	0.000256175881906
0.999539600000	0.000256688592567
0.999538666667	0.000257201303228
0.999537750000	0.00025771401389
0.999536900000	0.000258226724551
0.999536083333	0.000258739435212
0.999535033333	0.000259252145874
0.999534233333	0.000259764856535
0.999533316667	0.000260277567196
0.999532500000	0.000260790277857
0.999531433333	0.000261302988519
0.999530616667	0.00026181569918
0.999529266667	0.000262328409841
0.999528266667	0.000262841120502
0.999527400000	0.000263353831164
0.999526166667	0.000263866541825
0.999525066667	0.000264379252486
0.999524100000	0.000264891963148
0.999523083333	0.000265404673809
0.999522133333	0.00026591738447
0.999520783333	0.000266430095131
0.999519650000	0.000266942805793
0.999518500000	0.000267455516454
0.999517533333	0.000267968227115
0.999516416667	0.000268480937777
0.999515416667	0.000268993648438
0.999514433333	0.000269506359099
0.999513383333	0.00027001906976
0.999512066667	0.000270531780422
0.999511233333	0.000271044491083
0.999510166667	0.000271557201744
0.999509000000	0.000272069912405
0.999508300000	0.000272582623067
0.999507416667	0.000273095333728
0.999506466667	0.000273608044389
0.999505266667	0.000274120755051
0.999504633333	0.000274633465712
0.999503950000	0.000275146176373
0.999502766667	0.000275658887034
0.999501850000	0.000276171597696
0.999501050000	0.000276684308357
0.999500133333	0.000277197019018
0.999499250000	0.000277709729679
0.999498233333	0.000278222440341
0.999497250000	0.000278735151002
0.999496400000	0.000279247861663
0.999495816667	0.000279760572325
0.999495100000	0.000280273282986
0.999494166667	0.000280785993647
0.999493033333	0.000281298704308
0.999492083333	0.00028181141497
0.999491266667	0.000282324125631
0.999490400000	0.000282836836292
0.999489316667	0.000283349546953
0.999488150000	0.000283862257615
0.999487366667	0.000284374968276
0.999486450000	0.000284887678937
0.999485383333	0.000285400389599
0.999484333333	0.00028591310026
0.999483116667	0.000286425810921
0.999482050000	0.000286938521582
0.999481133333	0.000287451232244
0.999480333333	0.000287963942905
0.999479333333	0.000288476653566
0.999478533333	0.000288989364228
0.999477766667	0.000289502074889
0.999477166667	0.00029001478555
0.999476033333	0.000290527496211
0.999475066667	0.000291040206873
0.999473950000	0.000291552917534
0.999473116667	0.000292065628195
0.999472033333	0.000292578338856
0.999471166667	0.000293091049518
0.999469866667	0.000293603760179
0.999468800000	0.00029411647084
0.999467416667	0.000294629181502
0.999466433333	0.000295141892163
0.999465500000	0.000295654602824
0.999464566667	0.000296167313485
0.999463483333	0.000296680024147
0.999462450000	0.000297192734808
0.999461716667	0.000297705445469
0.999460683333	0.00029821815613
0.999459966667	0.000298730866792
0.999458866667	0.000299243577453
0.999458366667	0.000299756288114
0.999457616667	0.000300268998776
0.999456500000	0.000300781709437
0.999455750000	0.000301294420098
0.999454550000	0.000301807130759
0.999453416667	0.000302319841421
0.999452316667	0.000302832552082
0.999451216667	0.000303345262743
0.999450216667	0.000303857973404
0.999449450000	0.000304370684066
0.999448466667	0.000304883394727
0.999447283333	0.000305396105388
0.999446133333	0.00030590881605
0.999445033333	0.000306421526711
0.999444000000	0.000306934237372
0.999443133333	0.000307446948033
0.999442083333	0.000307959658695
0.999440616667	0.000308472369356
0.999439633333	0.000308985080017
0.999438633333	0.000309497790678
0.999438050000	0.00031001050134
0.999437033333	0.000310523212001
0.999436133333	0.000311035922662
0.999435166667	0.000311548633324
0.999433983333	0.000312061343985
0.999433300000	0.000312574054646
0.999432333333	0.000313086765307
0.999431500000	0.000313599475969
0.999430500000	0.00031411218663
0.999429700000	0.000314624897291
0.999428666667	0.000315137607953
0.999427716667	0.000315650318614
0.999426816667	0.000316163029275
0.999425800000	0.000316675739936
0.999424900000	0.000317188450598
0.999423966667	0.000317701161259
0.999422916667	0.00031821387192
0.999421700000	0.000318726582581
0.999420566667	0.000319239293243
0.999419916667	0.000319752003904
0.999418950000	0.000320264714565
0.999418000000	0.000320777425227
0.999416800000	0.000321533673452
0.999416766667	0.000322046384113
0.999415833333	0.000322559094774
0.999415133333	0.000323071805436
0.999414400000	0.000323584516097
0.999413416667	0.000324097226758
0.999412583333	0.00032460993742
0.999411466667	0.000325122648081
0.999410400000	0.000325635358742
0.999409633333	0.000326148069403
0.999408366667	0.000326660780065
0.999407500000	0.000327173490726
0.999406500000	0.000327686201387
0.999405433333	0.000328198912048
0.999404183333	0.00032871162271
0.999402950000	0.000329224333371
0.999402133333	0.000329737044032
0.999401350000	0.000330249754694
0.999400300000	0.000330762465355
0.999399366667	0.000331275176016
0.999398250000	0.000331787886677
0.999397400000	0.000332300597339
0.999396433333	0.000332813308
0.999395366667	0.000333326018661
0.999394483333	0.000333838729323
0.999393833333	0.000334351439984
0.999392633333	0.000334864150645
0.999391833333	0.000335376861306
0.999390833333	0.000335889571968
0.999389866667	0.000336402282629
0.999389000000	0.00033691499329
0.999388200000	0.000337427703951
0.999387266667	0.000337940414613
0.999386166667	0.000338453125274
0.999385216667	0.000338965835935
0.999384400000	0.000339478546597
0.999383383333	0.000339991257258
0.999382100000	0.000340503967919
0.999381316667	0.00034101667858
0.999380333333	0.000341529389242
0.999379383333	0.000342042099903
0.999378500000	0.000342554810564
0.999377333333	0.000343067521225
0.999376316667	0.000343580231887
0.999375200000	0.000344092942548
0.999374066667	0.000344605653209
0.999373250000	0.000345118363871
0.999372266667	0.000345631074532
0.999371416667	0.000346143785193
0.999370383333	0.000346656495854
0.999369633333	0.000347169206516
0.999368550000	0.000347681917177
0.999368033333	0.000348194627838
0.999366933333	0.000348707338499
0.999366083333	0.000349220049161
0.999365000000	0.000349732759822
0.999363800000	0.000350245470483
0.999363166667	0.000350758181145
0.999362283333	0.000351270891806
0.999361416667	0.000351783602467
0.999360500000	0.000352296313128
0.999359600000	0.00035280902379
0.999358616667	0.000353321734451
0.999357750000	0.000353834445112
0.999356766667	0.000354347155773
0.999355850000	0.000354859866435
0.999354900000	0.000355372577096
0.999353983333	0.000355885287757
0.999352900000	0.000356397998419
0.999352100000	0.00035691070908
0.999350700000	0.000357423419741
0.999349866667	0.000357936130402
0.999348766667	0.000358448841064
0.999347966667	0.000358961551725
0.999346900000	0.000359474262386
0.999345966667	0.000359986973048
0.999345100000	0.000360499683709
0.999344066667	0.00036101239437
0.999343366667	0.000361525105031
0.999342600000	0.000362037815693
0.999341666667	0.000362550526354
0.999340916667	0.000363063237015
0.999340050000	0.000363575947676
0.999338716667	0.000364088658338
0.999337766667	0.000364601368999
0.999337100000	0.00036511407966
0.999336366667	0.000365626790322
0.999335316667	0.000366139500983
0.999334450000	0.000366652211644
0.999333383333	0.000367164922305
0.999332450000	0.000367677632967
0.999331200000	0.000368190343628
0.999330300000	0.000368703054289
0.999329250000	0.00036921576495
0.999328433333	0.000369728475612
0.999327366667	0.000370241186273
0.999326583333	0.000370753896934
0.999325800000	0.000371266607596
0.999324816667	0.000371779318257
0.999323866667	0.000372292028918
0.999322933333	0.000372804739579
0.999321833333	0.000373317450241
0.999320833333	0.000373830160902
0.999319966667	0.000374342871563
0.999319066667	0.000374855582224
0.999317933333	0.000375368292886
0.999316933333	0.000375881003547
0.999315933333	0.000376393714208
0.999315000000	0.00037690642487
0.999314250000	0.000377419135531
0.999313266667	0.000377931846192
0.999312250000	0.000378444556853
0.999311233333	0.000378957267515
0.999310350000	0.000379469978176
0.999309516667	0.000379982688837
0.999308833333	0.000380495399499
0.999307900000	0.00038100811016
0.999306800000	0.000381520820821
0.999305833333	0.000382033531482
0.999305033333	0.000382546242144
0.999304266667	0.000383058952805
0.999303533333	0.000383571663466
0.999302533333	0.000384084374127
0.999301283333	0.000384597084789
0.999300116667	0.00038510979545
0.999299200000	0.000385622506111
0.999298066667	0.000386135216773
0.999296833333	0.000386647927434
0.999295833333	0.000387160638095
0.999294933333	0.000387673348756
0.999294066667	0.000388186059418
0.999293283333	0.000388698770079
0.999292200000	0.00038921148074
0.999291250000	0.000389724191401
0.999290550000	0.000390236902063
0.999289400000	0.000390749612724
0.999288316667	0.000391262323385
0.999287283333	0.000391775034047
0.999286166667	0.000392287744708
0.999285200000	0.000392800455369
0.999284233333	0.00039331316603
0.999283366667	0.000393825876692
0.999282333333	0.000394338587353
0.999281333333	0.000394851298014
0.999279916667	0.000395364008675
0.999279050000	0.000395876719337
0.999277883333	0.000396389429998
0.999276966667	0.000396902140659
0.999276250000	0.000397414851321
0.999274933333	0.000397927561982
0.999273933333	0.000398440272643
0.999272900000	0.000398952983304
0.999271850000	0.000399465693966
0.999270833333	0.000399978404627
0.999269833333	0.000400491115288
0.999268833333	0.000401003825949
0.999267700000	0.000401516536611
0.999266666667	0.000402029247272
0.999265883333	0.000402541957933
0.999265016667	0.000403054668595
0.999264083333	0.000403567379256
0.999263116667	0.000404080089917
0.999261950000	0.000404592800578
0.999260850000	0.00040510551124
0.999259833333	0.000405618221901
0.999258933333	0.000406130932562
0.999257766667	0.000406643643224
0.999257000000	0.000407156353885
0.999255966667	0.000407669064546
0.999254966667	0.000408181775207
0.999253916667	0.000408694485869
0.999252850000	0.00040920719653
0.999252133333	0.000409719907191
0.999251000000	0.000410232617852
0.999250066667	0.000410745328514
0.999249133333	0.000411258039175
0.999248100000	0.000411770749836
0.999247216667	0.000412283460498
0.999246383333	0.000412796171159
0.999245533333	0.00041330888182
0.999244033333	0.000413821592481
0.999243116667	0.000414334303143
0.999242266667	0.000414847013804
0.999241333333	0.000415359724465
0.999240516667	0.000415872435126
0.999239666667	0.000416385145788
0.999238583333	0.000416897856449
0.999237733333	0.00041741056711
0.999236933333	0.000417923277772
0.999235683333	0.000418435988433
0.999234283333	0.000418948699094
0.999233733333	0.000419461409755
0.999233383333	0.000419974120417
0.999232450000	0.000420486831078
0.999231433333	0.000420999541739
0.999230500000	0.0004215122524
0.999229233333	0.000422024963062
0.999228100000	0.000422537673723
0.999227333333	0.000423050384384
0.999226333333	0.000423563095046
0.999225533333	0.000424075805707
0.999224550000	0.000424588516368
0.999223583333	0.000425101227029
0.999222783333	0.000425613937691
0.999221466667	0.000426126648352
0.999220633333	0.000426639359013
0.999219783333	0.000427152069675
0.999218466667	0.000427664780336
0.999217600000	0.000428177490997
0.999216633333	0.000428690201658
0.999215600000	0.00042920291232
0.999214700000	0.000429715622981
0.999213666667	0.000430228333642
0.999212550000	0.000430741044303
0.999211683333	0.000431253754965
0.999210883333	0.000431766465626
0.999210033333	0.000432279176287
0.999208916667	0.000432791886949
0.999207866667	0.00043330459761
0.999207033333	0.000433817308271
0.999206100000	0.000434330018932
0.999205300000	0.000434842729594
0.999204300000	0.000435355440255
0.999203333333	0.000435868150916
0.999202383333	0.000436380861577
0.999201066667	0.000436893572239
0.999200166667	0.0004374062829
0.999199300000	0.000437918993561
0.999198200000	0.000438431704223
0.999197166667	0.000438944414884
0.999196283333	0.000439457125545
0.999195350000	0.000439969836206
0.999194500000	0.000440482546868
0.999193666667	0.000440995257529
0.999192783333	0.00044150796819
0.999192066667	0.000442020678851
0.999191016667	0.000442533389513
0.999190200000	0.000443046100174
0.999189266667	0.000443558810835
0.999188033333	0.000444071521497
0.999186966667	0.000444584232158
0.999186116667	0.000445096942819
0.999185400000	0.00044560965348
0.999184533333	0.000446122364142
0.999183800000	0.000446635074803
0.999182933333	0.000447147785464
0.999182100000	0.000447660496125
0.999181066667	0.000448173206787
0.999180133333	0.000448685917448
0.999178916667	0.000449198628109
0.999177966667	0.000449711338771
0.999177116667	0.000450224049432
0.999176583333	0.000450736760093
0.999175950000	0.000451249470754
0.999175166667	0.000451762181416
0.999174116667	0.000452274892077
0.999173200000	0.000452787602738
0.999172900000	0.0004533003134
0.999171700000	0.000453813024061
0.999170800000	0.000454325734722
0.999169966667	0.000454838445383
0.999168733333	0.000455351156045
0.999167583333	0.000455863866706
0.999166233333	0.000456376577367
0.999165200000	0.000456889288028
0.999164166667	0.00045740199869
0.999163250000	0.000457914709351
0.999162100000	0.000458427420012
0.999161233333	0.000458940130674
0.999160400000	0.000459452841335
0.999159300000	0.000459965551996
0.999158566667	0.000460478262657
0.999157666667	0.000460990973319
0.999156833333	0.00046150368398
0.999156083333	0.000462016394641
0.999155266667	0.000462529105302
0.999154500000	0.000463041815964
0.999153733333	0.000463554526625
0.999152833333	0.000464067237286
0.999151966667	0.000464579947948
0.999151083333	0.000465092658609
0.999150216667	0.00046560536927
0.999149416667	0.000466118079931
0.999148433333	0.000466630790593
0.999147700000	0.000467143501254
0.999146533333	0.000467656211915
0.999145500000	0.000468168922576
0.999144366667	0.000468681633238
0.999143166667	0.000469194343899
0.999142100000	0.00046970705456
0.999141233333	0.000470219765222
0.999140466667	0.000470732475883
0.999139500000	0.000471245186544
0.999138366667	0.000471757897205
0.999137700000	0.000472270607867
0.999136833333	0.000472783318528
0.999136050000	0.000473296029189
0.999134716667	0.000473808739851
0.999133766667	0.000474321450512
0.999132833333	0.000474834161173
0.999132083333	0.000475346871834
0.999131333333	0.000475859582496
0.999130533333	0.000476372293157
0.999129733333	0.000476885003818
0.999128900000	0.000477397714479
0.999127933333	0.000477910425141
0.999127150000	0.000478423135802
0.999126133333	0.000478935846463
0.999125216667	0.000479448557125
0.999124366667	0.000479961267786
0.999123583333	0.000480473978447
0.999122966667	0.000480986689108
0.999121983333	0.00048149939977
0.999120916667	0.000482012110431
0.999119750000	0.000482524821092
0.999118783333	0.000483037531753
0.999117800000	0.000483550242415
0.999116633333	0.000484062953076
0.999115716667	0.000484575663737
0.999114766667	0.000485088374399
0.999113700000	0.00048560108506
0.999112666667	0.000486113795721
0.999111500000	0.000486626506382
0.999110433333	0.000487139217044
0.999109800000	0.000487651927705
0.999109333333	0.000488164638366
0.999108233333	0.000488677349027
0.999107550000	0.000489190059689
0.999106666667	0.00048970277035
0.999105500000	0.000490215481011
0.999104716667	0.000490728191673
0.999103750000	0.000491240902334
0.999102933333	0.000491753612995
0.999102233333	0.000492266323656
0.999100866667	0.000492779034318
0.999099800000	0.000493291744979
0.999098916667	0.00049380445564
0.999098000000	0.000494317166301
0.999097200000	0.000494829876963
0.999096250000	0.000495342587624
0.999095533333	0.000495855298285
0.999094750000	0.000496368008947
0.999093583333	0.000496880719608
0.999092700000	0.000497393430269
0.999092366667	0.000498034318596
0.999092266667	0.000498547029257
0.999091550000	0.000499059739918
0.999090866667	0.00049957245058
0.999089850000	0.000500085161241
